00719
00721
00722
00723
00724
00725
00726
00728
00729
00730
00731
00732
00733
00734
00737
00738
00739
00740
00741
00742
01995
01996
01997
01999
02000
02001
02004
02005
02006
02007
02008
02009
02010
02011
02013
02014
02016
02017
02019
02020
02021
02022
02023
02025
02026
02028
02029
02030
02031
02032
02033
02034
02035
02037
02039
02041
02043
02095
02096
02097
02098
02099
02100
02101
02102
02104
02105
02109
02110
02112
02114
02115
02116
02117
02119
02120
02121
02123
02124
02125
02126
02127
02129
02130
02131
02132
02133
02136
02138
02139
02140
02143
02144
02145
02146
02147
02148
02149
02150
02151
02152
02153
02154
02155
02156
02157
02158
02159
02160
02162
02164
02165
02166
02167
02168
02169
02172
02173
02175
02179
02181
02182
02183
02184
02185
02186
02187
02190
02191
02193
02194
02195
02196
02197
02200
02243
02244
02245
02246
02248
02249
02250
02251
02252
02253
02255
02256
02257
02258
02261
02262
02264
02265
02266
02267
02269
02270
02271
02272
02273
02274
02275
02276
02277
02279
02280
02281
02282
02284
02285
02286
02287
02288
02289
02291
02292
02295
02297
02298
02300
02301
02302
02303
02304
02305
02306
02307
02309
02310
02311
02312
02313
02314
02315
02316
02317
02318
02319
02320
02321
02322
02323
02325
02326
02327
02328
02329
02330
02331
02332
02333
02335
02336
02337
02338
02339
02340
02341
02344
02345
02346
02347
02348
02349
02350
02351
02352
02354
02355
02356
02357
02358
02359
02360
02361
02362
02363
02366
02367
02368
02369
02370
02373
02375
02376
02377
02378
02381
02382
02383
02384
02387
02388
02389
02390
02392
02393
02394
02395
02397
02398
02401
02402
02403
02404
02407
02408
02409
02411
02412
02413
02414
02415
02416
02417
02418
02419
02420
02421
02422
02423
02424
02425
02426
02428
02429
02430
02432
02435
02437
02438
02439
02442
02443
02444
02445
02446
02447
02449
02450
02452
02453
02454
02455
02456
02457
02458
02459
02460
02461
02462
02464
02465
02466
02468
02470
02471
02472
02473
02474
02475
02477
02478
02479
02480
02481
02482
02484
02485
02486
02487
02488
02492
02493
02494
02495
02496
02497
02498
02499
02500
02501
02502
02504
02505
02506
02507
02508
02509
02510
02511
02515
02516
02518
02520
02521
02522
02523
02524
02525
02527
02528
02529
02530
02531
02532
02533
02535
02536
02537
02538
02539
02540
02541
02542
02543
02547
02548
02549
02550
02551
02553
02554
02555
02556
02557
02558
02559
02560
02561
02563
02564
02565
02566
02567
02568
02569
02570
02571
02572
02573
02574
02575
02577
02578
02579
02580
02581
02582
02583
02584
02585
02586
02587
02588
02590
02591
02593
02594
02596
02597
02598
02599
02600
02601
02603
02604
02605
02606
02607
02608
02609
02610
02611
02613
02614
02615
02616
02617
02618
02619
02620
02621
02622
02624
02625
02628
02629
02631
02632
02633
02635
02636
02637
02638
02639
02640
02642
02643
02644
02645
02647
02648
02649
02650
02654
02655
02656
02657
02658
02659
02660
02662
02663
02664
02665
02666
02667
02668
02669
02670
02672
02673
02674
02676
02677
02678
02679
02680
02681
02682
02683
02684
02685
02686
02687
02687
02689
02689
02690
02690
02691
02691
02692
02692
02693
02693
02694
02694
02695
02696
02697
02698
02699
02700
02701
02702
02703
02704
02707
02708
02709
02710
02712
02713
02715
02716
02717
02718
02719
02722
02723
02726
02727
02728
02729
02730
02731
02732
02733
02734
02735
02736
02737
02738
02740
02743
02744
02745
02746
02748
02749
02750
02751
02752
02753
02755
02779
02780
02781
02782
02784
02785
02786
02787
02788
02789
02790
02792
02794
02795
02796
02798
02799
02801
02802
02803
02804
02805
02811
02812
02813
02814
02815
02816
02817
02818
02819
02820
02821
02822
02823
02824
02825
02827
02828
02830
02832
02833
02834
02836
02837
02838
02839
02840
02842
02844
02845
02846
02848
02849
02850
02851
02853
02855
02856
02857
02858
02859
02860
02861
02862
02863
02864
02866
02867
02868
02869
02870
02872
02873
02874
02875
02877
02878
02879
02880
02881
02882
02884
02885
02886
02887
02888
02889
02890
02891
02892
02893
02896
02897
02898
02899
02901
02902
02904
02905
02906
02907
02908
02909
02910
02911
02912
02913
02914
02916
02917
02918
02919
02920
02922
02923
02924
02925
02928
02930
02931
02932
02934
02935
02936
02937
02938
02971
02972
02973
02974
02975
02976
02977
02978
02979
02980
02981
02983
02984
02987
02989
02990
02991
02993
02994
02995
02996
02997
02998
02999
03001
03002
03003
03004
03005
03006
03007
03008
03009
03010
03011
03012
03013
03014
03016
03017
03018
03019
03020
03021
03023
03024
03025
03027
03028
03029
03030
03031
03032
03033
03034
03037
03038
03039
03040
03041
03042
03043
03044
03045
03046
03047
03048
03049
03050
03051
03053
03054
03055
03056
03057
03058
03059
03060
03063
03064
03065
03066
03069
03070
03071
03072
03073
03074
03075
03076
03077
03078
03079
03080
03081
03082
03083
03084
03085
03087
03088
03089
03090
03091
03092
03093
03094
03095
03096
03097
03100
03101
03102
03103
03104
03105
03106
03107
03108
03109
03112
03113
03115
03116
03118
03120
03121
03122
03123
03125
03126
03128
03129
03130
03131
03132
03133
03134
03135
03137
03140
03141
03142
03144
03145
03146
03149
03150
03151
03152
03153
03154
03155
03156
03157
03158
03159
03160
03163
03166
03167
03168
03169
03170
03171
03172
03173
03174
03175
03176
03177
03178
03179
03180
03181
03182
03183
03184
03185
03186
03187
03188
03189
03190
03191
03192
03194
03196
03197
03198
03199
03200
03201
03204
03205
03206
03207
03208
03209
03210
03211
03214
03215
03216
03218
03219
03221
03222
03224
03225
03227
03228
03229
03230
03231
03232
03233
03234
03235
03236
03237
03238
03240
03241
03242
03243
03244
03245
03246
03247
03248
03249
03250
03251
03255
03256
03257
03258
03259
03260
03261
03262
03263
03264
03267
03268
03269
03270
03271
03272
03273
03275
03277
03278
03279
03281
03282
03283
03284
03285
03287
03288
03289
03290
03291
03293
03294
03297
03298
03299
03301
03302
03303
03304
03305
03306
03307
03308
03310
03311
03312
03313
03314
03315
03316
03318
03319
03320
03321
03322
03324
03325
03326
03327
03328
03331
03332
03333
03334
03335
03336
03337
03338
03339
03340
03341
03342
03343
03344
03345
03347
03348
03349
03350
03351
03352
03354
03355
03356
03357
03358
03360
03362
03363
03366
03368
03371
03372
03373
03374
03403
03404
03407
03409
03410
03411
03412
03413
03414
03416
03417
03418
03420
03421
03422
03423
03424
03425
03426
03427
03430
03431
03432
03433
03434
03435
03436
03437
03438
03439
03440
03441
03442
03444
03446
03447
03448
03450
03452
03453
03455
03456
03458
03460
03461
03462
03463
03464
03465
03466
03467
03469
03470
03471
03472
03473
03475
03476
03477
03478
03479
03480
03481
03482
03484
03485
03488
03489
03490
03491
03492
03494
03495
03496
03497
03499
03500
03501
03502
03504
03505
03506
03508
03511
03513
03514
03516
03517
03518
03519
03520
03521
03523
03525
03526
03527
03527
03528
03528
03530
03530
03531
03531
03533
03533
03534
03534
03535
03535
03536
03536
03539
03540
03542
03543
03544
03545
03546
03547
03551
03552
03553
03554
03555
03556
03557
03559
03560
03561
03562
03564
03566
03567
03569
03570
03571
03572
03573
03589
03590
03591
03592
03593
03595
03596
03597
03598
03599
03602
03603
03604
03605
03606
03609
03610
03611
03661
03662
03665
03667
03668
03670
03671
03673
03674
03675
03677
03678
03680
03682
03683
03684
03686
03688
03690
03692
03693
03694
03695
03697
03700
03702
03704
03706
03707
03709
03710
03712
03713
03714
03715
03716
03717
03720
