00000
00001
00004
00005
00008
00009
00010
00012
00013
00015
00016
00019
00022
00023
00024
00025
00026
00027
00028
00029
00030
00031
00032
00033
00036
00039
00040
00041
00042
00043
00044
00045
00046
00047
00048
00049
00050
00051
00052
00053
00054
00055
00056
00057
00058
00060
00061
00063
00064
00065
00066
00067
00068
00069
00070
00071
00072
00073
00074
00075
00076
00078
00080
00081
00082
00084
00085
00088
00089
00090
00091
00092
00093
00094
00095
00096
00097
00098
00099
00100
00101
00102
00103
00104
00105
00106
00107
00108
00109
00110
00111
00113
00114
00115
00116
00117
00118
00121
00122
00123
00124
00125
00126
00130
00131
00132
00133
00134
00136
00137
00138
00139
00140
00141
00142
00143
00146
00147
00149
00150
00151
00152
00153
00154
00155
00156
00157
00159
00160
00161
00162
00163
00164
00165
00166
00167
00168
00169
00170
00171
00173
00174
00175
00176
00177
00178
00179
00180
00181
00182
00183
00184
00185
00188
00189
00190
00191
00192
00193
00195
00196
00197
00198
00199
00200
00201
00202
00203
00204
00205
00206
00207
00208
00209
00210
00211
00213
00216
00217
00218
00219
00220
00221
00222
00223
00224
00225
00227
00228
00229
00230
00231
00232
00233
00235
00237
00238
00239
00240
00241
00242
00243
00244
00245
00246
00247
00248
00249
00250
00251
00253
00254
00256
00257
00258
00259
00260
00261
00263
00264
00265
00266
00267
00268
00269
00270
00271
00272
00273
00275
00276
00277
00279
00280
00281
00282
00283
00285
00286
00287
00288
00289
00290
00291
00294
00295
00296
00298
00299
00301
00302
00306
00308
00309
00310
00311
00312
00314
00315
00316
00317
00318
00320
00321
00322
00323
00325
00326
00328
00329
00330
00331
00332
00334
00335
00336
00337
00338
00339
00341
00342
00343
00344
00345
00347
00348
00349
00352
00353
00354
00355
00356
00358
00359
00360
00361
00362
00363
00365
00366
00367
00368
00370
00371
00372
00373
00374
00376
00377
00378
00379
00380
00381
00382
00383
00384
00385
00386
00387
00388
00389
00390
00391
00392
00393
00395
00396
00398
00399
00400
00401
00402
00403
00404
00405
00406
00407
00408
00411
00412
00413
00414
00415
00416
00417
00419
00420
00422
00423
00424
00425
00426
00427
00428
00430
00431
00432
00433
00434
00435
00436
00438
00439
00440
00441
00442
00443
00444
00445
00446
00447
00448
00449
00450
00452
00454
00455
00457
00459
00460
00461
00462
00463
00464
00466
00467
00469
00471
00472
00474
00475
00479
00480
00482
00483
00484
00486
00487
00489
00490
00492
00493
00494
00495
00496
00497
00498
00499
00500
00501
00503
00504
00508
00509
00510
00511
00512
00515
00516
00517
00519
00520
00521
00522
00525
00526
00527
00528
00529
00530
00531
00532
00533
00534
00535
00536
00537
00538
00540
00541
00542
00545
00546
00547
00548
00549
00551
00552
00553
00554
00555
00557
00558
00559
00560
00561
00562
00564
00565
00566
00567
00568
00569
00570
00571
00572
00573
00574
00575
00576
00577
00580
00581
00582
00583
00584
00585
00586
00587
00588
00589
00590
00591
00592
00593
00595
00596
00598
00599
00601
00602
00605
00606
00608
00609
00610
00611
00612
00613
00614
00615
00616
00617
00619
00620
00621
00622
00623
00624
00625
00626
00627
00629
00630
00631
00632
00634
00635
00636
00637
00638
00639
00641
00642
00644
00645
00646
00647
00648
00650
00652
00654
00656
00657
00658
00661
00663
00664
00665
00666
00667
00669
00670
00671
00672
00673
00675
00676
00677
00679
00680
00682
00683
00684
00685
00686
00687
00688
00689
00691
00692
00695
00696
00697
00699
00701
00702
00703
00704
00706
00707
00708
00709
00710
00711
00712
00713
00714
00715
00716
00717
00718
00719
00721
00722
00723
00724
00725
00726
00728
00729
00730
00731
00732
00733
00734
00737
00738
00739
00740
00741
00742
00743
00746
00747
00749
00751
00752
00753
00755
00756
00757
00759
00760
00761
00762
00763
00764
00765
00766
00767
00769
00770
00771
00772
00773
00774
00775
00776
00777
00778
00779
00780
00781
00784
00785
00786
00789
00790
00791
00792
00795
00797
00798
00799
00800
00801
00805
00807
00808
00810
00811
00813
00814
00815
00816
00818
00819
00820
00821
00822
00823
00824
00825
00827
00828
00830
00832
00834
00835
00836
00837
00838
00841
00842
00843
00844
00845
00847
00848
00850
00851
00852
00853
00855
00856
00857
00858
00859
00860
00861
00863
00864
00865
00867
00868
00869
00871
00873
00874
00875
00876
00877
00878
00880
00881
00882
00883
00885
00886
00887
00888
00890
00891
00892
00893
00896
00897
00898
00899
00900
00901
00902
00903
00904
00905
00906
00907
00908
00910
00911
00912
00913
00914
00916
00917
00918
00919
00920
00921
00922
00924
00925
00927
00928
00929
00930
00931
00932
00933
00934
00935
00936
00937
00939
00940
00941
00943
00944
00945
00946
00947
00948
00949
00950
00951
00952
00953
00954
00955
00956
00957
00958
00960
00962
00963
00964
00965
00967
00968
00969
00970
00971
00972
00973
00974
00975
00976
00977
00978
00979
00980
00981
00982
00983
00984
00985
00986
00987
00988
00989
00991
00993
00995
00996
00999
01001
01003
01004
01005
01006
01007
01009
01010
01011
01012
01013
01014
01015
01016
01017
01019
01020
01021
01022
01023
01024
01025
01026
01027
01029
01030
01031
01034
01035
01036
01037
01039
01041
01042
01043
01044
01045
01046
01047
01048
01049
01050
01051
01052
01053
01054
01055
01056
01058
01059
01060
01062
01063
01064
01065
01066
01067
01068
01069
01070
01071
01072
01073
01075
01076
01078
01079
01080
01083
01085
01086
01087
01088
01089
01090
01091
01092
01093
01095
01096
01097
01098
01099
01100
01104
01105
01107
01109
01110
01111
01112
01113
01114
01115
01116
01117
01118
01119
01121
01122
01124
01125
01126
01127
01128
01129
01130
01131
01132
01133
01134
01135
01136
01138
01139
01140
01141
01142
01143
01144
01145
01146
01147
01148
01149
01151
01153
01156
01157
01158
01159
01160
01161
01162
01164
01165
01166
01167
01168
01169
01170
01171
01172
01173
01174
01175
01176
01177
01178
01179
01180
01181
01182
01183
01184
01185
01186
01187
01188
01190
01191
01192
01193
01194
01195
01197
01198
01199
01200
01202
01204
01205
01207
01208
01210
01211
01212
01213
01215
01216
01217
01219
01220
01221
01222
01223
01224
01225
01226
01228
01229
01230
01231
01235
01237
01238
01240
01241
01242
01243
01244
01245
01246
01247
01248
01249
01250
01251
01252
01253
01254
01255
01257
01258
01259
01260
01262
01263
01264
01265
01266
01267
01268
01270
01271
01272
01273
01275
01276
01277
01279
01280
01281
01282
01283
01284
01286
01287
01288
01289
01290
01291
01292
01293
01294
01295
01296
01297
01298
01299
01300
01301
01302
01303
01304
01305
01306
01308
01309
01311
01312
01313
01314
01317
01318
01321
01322
01323
01324
01325
01326
01327
01329
01330
01332
01335
01336
01337
01338
01339
01342
01343
01344
01345
01346
01348
01349
01351
01352
01353
01354
01355
01356
01358
01359
01360
01361
01363
01364
01365
01366
01367
01369
01370
01371
01372
01375
01377
01378
01380
01381
01382
01383
01384
01386
01387
01388
01389
01390
01391
01393
01394
01396
01398
01399
01400
01401
01402
01403
01404
01405
01406
01407
01408
01409
01410
01411
01414
01416
01417
01418
01419
01420
01421
01423
01424
01426
01428
01429
01431
01432
01434
01435
01436
01437
01438
01439
01440
01441
01442
01444
01446
01447
01448
01449
01450
01451
01452
01453
01455
01456
01457
01460
01461
01462
01463
01465
01466
01467
01469
01470
01471
01472
01473
01474
01478
01479
01480
01481
01482
01483
01484
01485
01486
01487
01490
01491
01492
01493
01494
01495
01497
01498
01499
01500
01503
01504
01505
01506
01507
01508
01511
01512
01513
01514
01515
01516
01517
01518
01520
01521
01523
01524
01525
01526
01527
01528
01529
01530
01532
01533
01534
01535
01536
01538
01539
01540
01541
01542
01544
01545
01546
01547
01548
01550
01551
01552
01553
01554
01555
01556
01557
01558
01559
01560
01561
01562
01563
01564
01565
01566
01567
01568
01570
01572
01573
01574
01575
01576
01577
01579
01580
01581
01582
01583
01584
01586
01587
01588
01589
01590
01591
01592
01594
01596
01598
01599
01601
01603
01604
01606
01607
01608
01609
01610
01611
01612
01614
01615
01616
01617
01618
01620
01622
01623
01625
01626
01627
01628
01629
01630
01631
01632
01633
01634
01636
01637
01638
01639
01640
01641
01642
01644
01645
01647
01649
01650
01651
01652
01653
01654
01655
01656
01657
01658
01660
01661
01662
01663
01664
01665
01666
01668
01669
01670
01671
01673
01674
01676
01677
01678
01684
01685
01686
01687
01688
01689
01690
01691
01692
01693
01694
01695
01696
01697
01698
01699
01700
01702
01703
01704
01705
01706
01707
01708
01709
01710
01711
01713
01714
01715
01717
01718
01720
01721
01722
01724
01725
01726
01727
01728
01729
01730
01731
01732
01733
01734
01735
01736
01737
01739
01740
01741
01742
01743
01744
01745
01746
01748
01749
01750
01752
01753
01755
01756
01757
01759
01761
01762
01763
01764
01766
01767
01769
01770
01772
01773
01774
01775
01776
01778
01779
01780
01781
01782
01783
01784
01785
01786
01788
01789
01790
01792
01793
01794
01795
01796
01798
01799
01800
01801
01802
01804
01805
01806
01807
01808
01809
01810
01811
01812
01815
01816
01818
01819
01820
01823
01824
01825
01826
01827
01828
01830
01831
01832
01833
01834
01835
01836
01840
01841
01842
01843
01844
01846
01847
01848
01849
01850
01851
01853
01854
01855
01856
01857
01858
01859
01860
01861
01862
01863
01864
01866
01867
01869
01870
01872
01873
01874
01876
01879
01880
01881
01882
01883
01886
01888
01889
01891
01893
01895
01896
01897
01898
01902
01903
01904
01905
01906
01909
01910
01911
01912
01913
01914
01915
01917
01918
01919
01920
01921
01922
01923
01924
01925
01927
01928
01931
01934
01935
01936
01938
01941
01942
01943
01944
01948
01949
01950
01952
01953
01954
01956
01957
01958
01959
01962
01963
01964
01965
01966
01967
01969
01970
01971
01972
01973
01974
01975
01977
01978
01980
01982
01983
01984
01985
01986
01987
01988
01989
01990
01992
01993
01994
01995
01996
01997
01999
02000
02001
02004
02005
02006
02007
02008
02009
02010
02011
02013
02014
02016
02017
02019
02020
02021
02022
02023
02025
02026
02028
02029
02030
02031
02032
02033
02034
02035
02037
02039
02041
02043
02044
02046
02047
02050
02051
02052
02054
02056
02057
02058
02060
02061
02062
02064
02066
02067
02069
02070
02071
02072
02073
02075
02076
02077
02078
02079
02080
02081
02085
02088
02089
02090
02091
02092
02093
02094
02095
02096
02097
02098
02099
02100
02101
02102
02104
02105
02109
02110
02112
02114
02115
02116
02117
02119
02120
02121
02123
02124
02125
02126
02127
02129
02130
02131
02132
02133
02136
02138
02139
02140
02143
02144
02145
02146
02147
02148
02149
02150
02151
02152
02153
02154
02155
02156
02157
02158
02159
02160
02162
02164
02165
02166
02167
02168
02169
02172
02173
02175
02179
02181
02182
02183
02184
02185
02186
02187
02190
02191
02193
02194
02195
02196
02197
02200
02201
02202
02203
02204
02205
02206
02207
02208
02211
02212
02213
02214
02215
02217
02218
02219
02221
02222
02223
02224
02225
02226
02227
02228
02229
02232
02233
02234
02235
02236
02237
02238
02239
02241
02242
02243
02244
02245
02246
02248
02249
02250
02251
02252
02253
02255
02256
02257
02258
02261
02262
02264
02265
02266
02267
02269
02270
02271
02272
02273
02274
02275
02276
02277
02279
02280
02281
02282
02284
02285
02286
02287
02288
02289
02291
02292
02295
02297
02298
02300
02301
02302
02303
02304
02305
02306
02307
02309
02310
02311
02312
02313
02314
02315
02316
02317
02318
02319
02320
02321
02322
02323
02325
02326
02327
02328
02329
02330
02331
02332
02333
02335
02336
02337
02338
02339
02340
02341
02344
02345
02346
02347
02348
02349
02350
02351
02352
02354
02355
02356
02357
02358
02359
02360
02361
02362
02363
02366
02367
02368
02369
02370
02373
02375
02376
02377
02378
02381
02382
02383
02384
02387
02388
02389
02390
02392
02393
02394
02395
02397
02398
02401
02402
02403
02404
02407
02408
02409
02411
02412
02413
02414
02415
02416
02417
02418
02419
02420
02421
02422
02423
02424
02425
02426
02428
02429
02430
02432
02435
02437
02438
02439
02442
02443
02444
02445
02446
02447
02449
02450
02452
02453
02454
02455
02456
02457
02458
02459
02460
02461
02462
02464
02465
02466
02468
02470
02471
02472
02473
02474
02475
02477
02478
02479
02480
02481
02482
02484
02485
02486
02487
02488
02492
02493
02494
02495
02496
02497
02498
02499
02500
02501
02502
02504
02505
02506
02507
02508
02509
02510
02511
02515
02516
02518
02520
02521
02522
02523
02524
02525
02527
02528
02529
02530
02531
02532
02533
02535
02536
02537
02538
02539
02540
02541
02542
02543
02547
02548
02549
02550
02551
02553
02554
02555
02556
02557
02558
02559
02560
02561
02563
02564
02565
02566
02567
02568
02569
02570
02571
02572
02573
02574
02575
02577
02578
02579
02580
02581
02582
02583
02584
02585
02586
02587
02588
02590
02591
02593
02594
02596
02597
02598
02599
02600
02601
02603
02604
02605
02606
02607
02608
02609
02610
02611
02613
02614
02615
02616
02617
02618
02619
02620
02621
02622
02624
02625
02628
02629
02631
02632
02633
02635
02636
02637
02638
02639
02640
02642
02643
02644
02645
02647
02648
02649
02650
02654
02655
02656
02657
02658
02659
02660
02662
02663
02664
02665
02666
02667
02668
02669
02670
02672
02673
02674
02676
02677
02678
02679
02680
02681
02682
02683
02684
02685
02686
02687
02689
02690
02691
02692
02693
02694
02695
02696
02697
02698
02699
02700
02701
02702
02703
02704
02707
02708
02709
02710
02712
02713
02715
02716
02717
02718
02719
02722
02723
02726
02727
02728
02729
02730
02731
02732
02733
02734
02735
02736
02737
02738
02740
02743
02744
02745
02746
02748
02749
02750
02751
02752
02753
02755
02756
02757
02758
02759
02760
02761
02762
02763
02765
02766
02767
02768
02769
02771
02772
02773
02774
02775
02776
02778
02779
02780
02781
02782
02784
02785
02786
02787
02788
02789
02790
02792
02794
02795
02796
02798
02799
02801
02802
02803
02804
02805
02811
02812
02813
02814
02815
02816
02817
02818
02819
02820
02821
02822
02823
02824
02825
02827
02828
02830
02832
02833
02834
02836
02837
02838
02839
02840
02842
02844
02845
02846
02848
02849
02850
02851
02853
02855
02856
02857
02858
02859
02860
02861
02862
02863
02864
02866
02867
02868
02869
02870
02872
02873
02874
02875
02877
02878
02879
02880
02881
02882
02884
02885
02886
02887
02888
02889
02890
02891
02892
02893
02896
02897
02898
02899
02901
02902
02904
02905
02906
02907
02908
02909
02910
02911
02912
02913
02914
02916
02917
02918
02919
02920
02922
02923
02924
02925
02928
02930
02931
02932
02934
02935
02936
02937
02938
02939
02940
02941
02942
02944
02945
02946
02948
02949
02950
02951
02952
02954
02955
02956
02957
02958
02959
02961
02962
02963
02964
02965
02967
02969
02971
02972
02973
02974
02975
02976
02977
02978
02979
02980
02981
02983
02984
02987
02989
02990
02991
02993
02994
02995
02996
02997
02998
02999
03001
03002
03003
03004
03005
03006
03007
03008
03009
03010
03011
03012
03013
03014
03016
03017
03018
03019
03020
03021
03023
03024
03025
03027
03028
03029
03030
03031
03032
03033
03034
03037
03038
03039
03040
03041
03042
03043
03044
03045
03046
03047
03048
03049
03050
03051
03053
03054
03055
03056
03057
03058
03059
03060
03063
03064
03065
03066
03069
03070
03071
03072
03073
03074
03075
03076
03077
03078
03079
03080
03081
03082
03083
03084
03085
03087
03088
03089
03090
03091
03092
03093
03094
03095
03096
03097
03100
03101
03102
03103
03104
03105
03106
03107
03108
03109
03112
03113
03115
03116
03118
03120
03121
03122
03123
03125
03126
03128
03129
03130
03131
03132
03133
03134
03135
03137
03140
03141
03142
03144
03145
03146
03149
03150
03151
03152
03153
03154
03155
03156
03157
03158
03159
03160
03163
03166
03167
03168
03169
03170
03171
03172
03173
03174
03175
03176
03177
03178
03179
03180
03181
03182
03183
03184
03185
03186
03187
03188
03189
03190
03191
03192
03194
03196
03197
03198
03199
03200
03201
03204
03205
03206
03207
03208
03209
03210
03211
03214
03215
03216
03218
03219
03221
03222
03224
03225
03227
03228
03229
03230
03231
03232
03233
03234
03235
03236
03237
03238
03240
03241
03242
03243
03244
03245
03246
03247
03248
03249
03250
03251
03255
03256
03257
03258
03259
03260
03261
03262
03263
03264
03267
03268
03269
03270
03271
03272
03273
03275
03277
03278
03279
03281
03282
03283
03284
03285
03287
03288
03289
03290
03291
03293
03294
03297
03298
03299
03301
03302
03303
03304
03305
03306
03307
03308
03310
03311
03312
03313
03314
03315
03316
03318
03319
03320
03321
03322
03324
03325
03326
03327
03328
03331
03332
03333
03334
03335
03336
03337
03338
03339
03340
03341
03342
03343
03344
03345
03347
03348
03349
03350
03351
03352
03354
03355
03356
03357
03358
03360
03362
03363
03366
03368
03371
03372
03373
03374
03376
03378
03379
03380
03382
03383
03385
03386
03387
03388
03389
03392
03393
03395
03396
03397
03398
03399
03400
03401
03402
03403
03404
03407
03409
03410
03411
03412
03413
03414
03416
03417
03418
03420
03421
03422
03423
03424
03425
03426
03427
03430
03431
03432
03433
03434
03435
03436
03437
03438
03439
03440
03441
03442
03444
03446
03447
03448
03450
03452
03453
03455
03456
03458
03460
03461
03462
03463
03464
03465
03466
03467
03469
03470
03471
03472
03473
03475
03476
03477
03478
03479
03480
03481
03482
03484
03485
03488
03489
03490
03491
03492
03494
03495
03496
03497
03499
03500
03501
03502
03504
03505
03506
03508
03511
03513
03514
03516
03517
03518
03519
03520
03521
03523
03525
03526
03527
03528
03530
03531
03533
03534
03535
03536
03539
03540
03542
03543
03544
03545
03546
03547
03551
03552
03553
03554
03555
03556
03557
03559
03560
03561
03562
03564
03566
03567
03569
03570
03571
03572
03573
03575
03576
03577
03578
03579
03580
03581
03582
03583
03584
03585
03586
03587
03589
03590
03591
03592
03593
03595
03596
03597
03598
03599
03602
03603
03604
03605
03606
03609
03610
03611
03613
03614
03616
03617
03618
03619
03620
03621
03622
03623
03624
03625
03626
03628
03629
03630
03632
03634
03636
03637
03638
03639
03641
03642
03643
03644
03645
03646
03647
03648
03649
03650
03651
03652
03653
03654
03655
03656
03657
03658
03659
03660
03661
03662
03665
03667
03668
03670
03671
03673
03674
03675
03677
03678
03680
03682
03683
03684
03686
03688
03690
03692
03693
03694
03695
03697
03700
03702
03704
03706
03707
03709
03710
03712
03713
03714
03715
03716
03717
03720
03721
03722
03723
03724
03725
03726
03727
03728
03730
03731
03732
03733
03734
03735
03736
03737
03738
03739
03740
03741
03742
03743
03744
03745
03748
03751
03752
03753
03754
03756
03757
03758
03759
03760
03762
03763
03764
03765
03766
03768
03771
03772
03773
03774
03775
03776
03778
03779
03782
03783
03784
03786
03787
03789
03790
03791
03793
03795
03796
03797
03801
03803
03804
03805
03807
03808
03809
03810
03811
03812
03813
03814
03815
03816
03817
03819
03820
03821
03824
03825
03826
03827
03828
03829
03830
03831
03832
03833
03834
03835
03836
03837
03838
03839
03840
03841
03842
03843
03844
03845
03846
03847
03848
03849
03851
03852
03853
03854
03855
03856
03857
03858
03859
03860
03861
03862
03865
03866
03868
03869
03870
03871
03872
03873
03874
03875
03877
03878
03879
03880
03881
03882
03883
03884
03885
03886
03887
03888
03889
03890
03893
03894
03897
03898
03902
03903
03904
03905
03906
03908
03909
03910
03911
03912
03913
03914
03915
03916
03917
03918
03919
03920
03921
03922
03923
03924
03925
03926
03928
03929
03931
03932
03934
03936
03937
03938
03940
03941
03942
03945
03946
03948
03950
03951
03952
03954
03955
03956
03957
03958
03959
03960
03961
03962
03963
03964
03966
03968
03970
03971
03972
03973
03974
03975
03976
03977
03978
03979
03981
03982
03983
03984
03985
03986
03987
03988
03989
03990
03991
03992
03994
03995
03996
03997
03999
04000
04001
04002
04003
04004
04006
04009
04010
04011
04012
04013
04014
04015
04016
04017
04018
04020
04021
04022
04024
04025
04026
04030
04031
04033
04034
04035
04036
04037
04038
04039
04040
04041
04042
04043
04044
04046
04047
04048
04049
04050
04051
04052
04053
04054
04056
04057
04058
04059
04060
04061
04062
04063
04064
04065
04066
04067
04068
04069
04070
04072
04073
04074
04075
04076
04077
04078
04079
04080
04081
04082
04083
04084
04085
04086
04087
04088
04089
04090
04091
04093
04094
04095
04096
04097
04098
04099
04101
04102
04103
04105
04107
04108
04110
04111
04112
04113
04116
04117
04118
04119
04120
04121
04123
04124
04125
04126
04127
04128
04129
04132
04133
04134
04135
04136
04137
04138
04139
04140
04142
04143
04145
04146
04147
04148
04150
04152
04153
04154
04155
04156
04157
04158
04159
04160
04161
04162
04163
04165
04166
04167
04168
04169
04170
04171
04173
04174
04175
04176
04177
04178
04179
04180
04181
04182
04183
04184
04185
04186
04187
04188
04189
04190
04191
04193
04195
04196
04197
04198
04199
